n	density	trial	time_sec
20	10	1	0.001293
20	10	2	0.001255
20	10	3	0.001219
20	10	4	0.001280
20	10	5	0.001180
20	10	6	0.001153
20	10	7	0.001120
20	10	8	0.001248
20	10	9	0.001139
20	10	10	0.001226
20	10	11	0.001085
20	10	12	0.001082
20	10	13	0.001003
20	10	14	0.000977
20	10	15	0.000960
20	10	16	0.000913
20	10	17	0.000850
20	10	18	0.000823
20	10	19	0.000787
20	10	20	0.000783
40	10	1	0.006328
40	10	2	0.007223
40	10	3	0.008038
40	10	4	0.006848
40	10	5	0.006277
40	10	6	0.005976
40	10	7	0.005238
40	10	8	0.005590
40	10	9	0.005479
40	10	10	0.005177
40	10	11	0.005945
40	10	12	0.006925
40	10	13	0.008526
40	10	14	0.007349
40	10	15	0.005642
40	10	16	0.005587
40	10	17	0.007188
40	10	18	0.008786
40	10	19	0.008599
40	10	20	0.009657
60	10	1	0.022790
60	10	2	0.023443
60	10	3	0.016618
60	10	4	0.022075
60	10	5	0.016790
60	10	6	0.018046
60	10	7	0.020300
60	10	8	0.019509
60	10	9	0.022816
60	10	10	0.020837
60	10	11	0.018580
60	10	12	0.028922
60	10	13	0.022250
60	10	14	0.016735
60	10	15	0.016806
60	10	16	0.018499
60	10	17	0.017477
60	10	18	0.029872
60	10	19	0.036978
60	10	20	0.020528
80	10	1	0.046036
80	10	2	0.040465
80	10	3	0.041449
80	10	4	0.045349
80	10	5	0.043421
80	10	6	0.037605
80	10	7	0.057998
80	10	8	0.046414
80	10	9	0.059846
80	10	10	0.045415
80	10	11	0.040009
80	10	12	0.041047
80	10	13	0.045108
80	10	14	0.050616
80	10	15	0.048277
80	10	16	0.043430
80	10	17	0.038247
80	10	18	0.037868
80	10	19	0.042248
80	10	20	0.061075
100	10	1	0.084453
100	10	2	0.093911
100	10	3	0.077466
100	10	4	0.070375
100	10	5	0.081490
100	10	6	0.075957
100	10	7	0.086889
100	10	8	0.085354
100	10	9	0.082175
100	10	10	0.073630
100	10	11	0.090042
100	10	12	0.078510
100	10	13	0.073804
100	10	14	0.082672
100	10	15	0.076292
100	10	16	0.087887
100	10	17	0.078231
100	10	18	0.075960
100	10	19	0.074361
100	10	20	0.096343
120	10	1	0.139734
120	10	2	0.138252
120	10	3	0.126817
120	10	4	0.135444
120	10	5	0.133924
120	10	6	0.132792
120	10	7	0.125644
120	10	8	0.136113
120	10	9	0.130938
120	10	10	0.154215
120	10	11	0.132008
120	10	12	0.136042
120	10	13	0.130652
120	10	14	0.132498
120	10	15	0.132708
120	10	16	0.140074
120	10	17	0.134181
120	10	18	0.143248
120	10	19	0.147303
120	10	20	0.144698
140	10	1	0.204746
140	10	2	0.205188
140	10	3	0.210216
140	10	4	0.208165
140	10	5	0.204733
140	10	6	0.204780
140	10	7	0.215215
140	10	8	0.221238
140	10	9	0.202976
140	10	10	0.206071
140	10	11	0.213377
140	10	12	0.219600
140	10	13	0.188286
140	10	14	0.239822
140	10	15	0.189555
140	10	16	0.202264
140	10	17	0.197347
140	10	18	0.223774
140	10	19	0.211042
140	10	20	0.208778
160	10	1	0.327929
160	10	2	0.313967
160	10	3	0.306642
160	10	4	0.297080
160	10	5	0.308952
160	10	6	0.318177
160	10	7	0.302558
160	10	8	0.306690
160	10	9	0.296270
160	10	10	0.298170
160	10	11	0.295684
160	10	12	0.302184
160	10	13	0.300734
160	10	14	0.297191
160	10	15	0.299016
160	10	16	0.295279
160	10	17	0.301036
160	10	18	0.295568
160	10	19	0.303481
160	10	20	0.307673
180	10	1	0.436628
180	10	2	0.428761
180	10	3	0.480811
180	10	4	0.441295
180	10	5	0.429015
180	10	6	0.423696
180	10	7	0.416819
180	10	8	0.419677
180	10	9	0.433554
180	10	10	0.416557
180	10	11	0.413830
180	10	12	0.421742
180	10	13	0.416334
180	10	14	0.432333
180	10	15	0.415031
180	10	16	0.431001
180	10	17	0.425703
180	10	18	0.420426
180	10	19	0.431342
180	10	20	0.418909
200	10	1	0.569034
200	10	2	0.578269
200	10	3	0.584308
200	10	4	0.606646
200	10	5	0.569994
200	10	6	0.573190
200	10	7	0.582666
200	10	8	0.585595
200	10	9	0.570374
200	10	10	0.587813
200	10	11	0.587706
200	10	12	0.559311
200	10	13	0.579365
200	10	14	0.582961
200	10	15	0.584473
200	10	16	0.587214
200	10	17	0.567914
200	10	18	0.591244
200	10	19	0.566489
200	10	20	0.574560
20	30	1	0.000745
20	30	2	0.000705
20	30	3	0.000673
20	30	4	0.000724
20	30	5	0.000724
20	30	6	0.000707
20	30	7	0.000688
20	30	8	0.000683
20	30	9	0.000667
20	30	10	0.000650
20	30	11	0.000690
20	30	12	0.000712
20	30	13	0.000716
20	30	14	0.000669
20	30	15	0.000651
20	30	16	0.000668
20	30	17	0.000724
20	30	18	0.000661
20	30	19	0.000713
20	30	20	0.000683
40	30	1	0.005112
40	30	2	0.004990
40	30	3	0.005779
40	30	4	0.005736
40	30	5	0.005456
40	30	6	0.004912
40	30	7	0.004923
40	30	8	0.005135
40	30	9	0.008810
40	30	10	0.006076
40	30	11	0.006118
40	30	12	0.005458
40	30	13	0.005811
40	30	14	0.005003
40	30	15	0.005049
40	30	16	0.005147
40	30	17	0.004863
40	30	18	0.005139
40	30	19	0.005203
40	30	20	0.005070
60	30	1	0.017103
60	30	2	0.016078
60	30	3	0.016866
60	30	4	0.021886
60	30	5	0.019901
60	30	6	0.018839
60	30	7	0.017009
60	30	8	0.017708
60	30	9	0.019327
60	30	10	0.016432
60	30	11	0.016046
60	30	12	0.021465
60	30	13	0.015964
60	30	14	0.015919
60	30	15	0.018251
60	30	16	0.022060
60	30	17	0.017138
60	30	18	0.016619
60	30	19	0.016595
60	30	20	0.022484
80	30	1	0.037119
80	30	2	0.041300
80	30	3	0.055503
80	30	4	0.045236
80	30	5	0.038350
80	30	6	0.037796
80	30	7	0.042321
80	30	8	0.049630
80	30	9	0.043154
80	30	10	0.036234
80	30	11	0.045531
80	30	12	0.041121
80	30	13	0.054933
80	30	14	0.049796
80	30	15	0.034955
80	30	16	0.036901
80	30	17	0.040342
80	30	18	0.040603
80	30	19	0.041707
80	30	20	0.045192
100	30	1	0.084420
100	30	2	0.080111
100	30	3	0.075555
100	30	4	0.070250
100	30	5	0.082556
100	30	6	0.072661
100	30	7	0.071592
100	30	8	0.078307
100	30	9	0.073677
100	30	10	0.084146
100	30	11	0.085328
100	30	12	0.069860
100	30	13	0.080815
100	30	14	0.078073
100	30	15	0.088987
100	30	16	0.081653
100	30	17	0.078037
100	30	18	0.071840
100	30	19	0.075976
100	30	20	0.080369
120	30	1	0.125995
120	30	2	0.139899
120	30	3	0.124509
120	30	4	0.131127
120	30	5	0.135141
120	30	6	0.140793
120	30	7	0.123693
120	30	8	0.128710
120	30	9	0.129545
120	30	10	0.127148
120	30	11	0.130065
120	30	12	0.130588
120	30	13	0.136081
120	30	14	0.143679
120	30	15	0.129951
120	30	16	0.124755
120	30	17	0.124358
120	30	18	0.130881
120	30	19	0.121970
120	30	20	0.128697
140	30	1	0.200063
140	30	2	0.216688
140	30	3	0.196440
140	30	4	0.201081
140	30	5	0.214382
140	30	6	0.195066
140	30	7	0.194922
140	30	8	0.206028
140	30	9	0.191967
140	30	10	0.209695
140	30	11	0.199453
140	30	12	0.202257
140	30	13	0.196945
140	30	14	0.192495
140	30	15	0.198068
140	30	16	0.197957
140	30	17	0.194679
140	30	18	0.205529
140	30	19	0.192394
140	30	20	0.200401
160	30	1	0.302084
160	30	2	0.299546
160	30	3	0.293125
160	30	4	0.301284
160	30	5	0.282635
160	30	6	0.297465
160	30	7	0.292129
160	30	8	0.287911
160	30	9	0.283833
160	30	10	0.300465
160	30	11	0.296440
160	30	12	0.290725
160	30	13	0.300975
160	30	14	0.285147
160	30	15	0.291738
160	30	16	0.296822
160	30	17	0.322911
160	30	18	0.296249
160	30	19	0.292724
160	30	20	0.292782
180	30	1	0.418518
180	30	2	0.424508
180	30	3	0.424079
180	30	4	0.418423
180	30	5	0.410647
180	30	6	0.422532
180	30	7	0.429538
180	30	8	0.418809
180	30	9	0.409744
180	30	10	0.431298
180	30	11	0.409976
180	30	12	0.411260
180	30	13	0.428822
180	30	14	0.409484
180	30	15	0.414973
180	30	16	0.414164
180	30	17	0.418628
180	30	18	0.418182
180	30	19	0.416852
180	30	20	0.413172
200	30	1	0.580233
200	30	2	0.572442
200	30	3	0.573329
200	30	4	0.563654
200	30	5	0.560708
200	30	6	0.559323
200	30	7	0.576878
200	30	8	0.593759
200	30	9	0.624640
200	30	10	0.624061
200	30	11	0.656810
200	30	12	0.612406
200	30	13	0.578395
200	30	14	0.555039
200	30	15	0.552829
200	30	16	0.561445
200	30	17	0.557470
200	30	18	0.571483
200	30	19	0.571369
200	30	20	0.580220
20	50	1	0.000685
20	50	2	0.000786
20	50	3	0.000658
20	50	4	0.000656
20	50	5	0.000626
20	50	6	0.000699
20	50	7	0.000696
20	50	8	0.000720
20	50	9	0.000685
20	50	10	0.000630
20	50	11	0.000626
20	50	12	0.000627
20	50	13	0.000654
20	50	14	0.000730
20	50	15	0.000702
20	50	16	0.000891
20	50	17	0.000765
20	50	18	0.000679
20	50	19	0.000727
20	50	20	0.000669
40	50	1	0.004801
40	50	2	0.005180
40	50	3	0.004803
40	50	4	0.004914
40	50	5	0.004890
40	50	6	0.004772
40	50	7	0.004842
40	50	8	0.004824
40	50	9	0.004756
40	50	10	0.004580
40	50	11	0.004944
40	50	12	0.004946
40	50	13	0.004908
40	50	14	0.005280
40	50	15	0.004740
40	50	16	0.004695
40	50	17	0.004926
40	50	18	0.004908
40	50	19	0.005036
40	50	20	0.005178
60	50	1	0.016024
60	50	2	0.017246
60	50	3	0.015725
60	50	4	0.015733
60	50	5	0.022616
60	50	6	0.017902
60	50	7	0.023328
60	50	8	0.018456
60	50	9	0.018867
60	50	10	0.018379
60	50	11	0.017291
60	50	12	0.017512
60	50	13	0.017923
60	50	14	0.021288
60	50	15	0.021629
60	50	16	0.022697
60	50	17	0.019278
60	50	18	0.019491
60	50	19	0.016970
60	50	20	0.014644
80	50	1	0.035550
80	50	2	0.040962
80	50	3	0.046350
80	50	4	0.042151
80	50	5	0.039836
80	50	6	0.042126
80	50	7	0.045245
80	50	8	0.043456
80	50	9	0.037742
80	50	10	0.037489
80	50	11	0.036959
80	50	12	0.042094
80	50	13	0.043431
80	50	14	0.042052
80	50	15	0.038605
80	50	16	0.035869
80	50	17	0.041797
80	50	18	0.042197
80	50	19	0.037740
80	50	20	0.036513
100	50	1	0.073964
100	50	2	0.082314
100	50	3	0.069907
100	50	4	0.076273
100	50	5	0.079074
100	50	6	0.078536
100	50	7	0.075906
100	50	8	0.071314
100	50	9	0.074706
100	50	10	0.078339
100	50	11	0.075663
100	50	12	0.072921
100	50	13	0.079387
100	50	14	0.070384
100	50	15	0.082363
100	50	16	0.080597
100	50	17	0.068858
100	50	18	0.073815
100	50	19	0.078221
100	50	20	0.074118
120	50	1	0.127045
120	50	2	0.126155
120	50	3	0.134840
120	50	4	0.120900
120	50	5	0.127331
120	50	6	0.122993
120	50	7	0.135657
120	50	8	0.125577
120	50	9	0.137029
120	50	10	0.142961
120	50	11	0.128240
120	50	12	0.122766
120	50	13	0.123486
120	50	14	0.122786
120	50	15	0.128907
120	50	16	0.127641
120	50	17	0.128518
120	50	18	0.122123
120	50	19	0.126790
120	50	20	0.124018
140	50	1	0.204126
140	50	2	0.201121
140	50	3	0.195860
140	50	4	0.190946
140	50	5	0.188993
140	50	6	0.192288
140	50	7	0.192459
140	50	8	0.198752
140	50	9	0.189244
140	50	10	0.198986
140	50	11	0.202809
140	50	12	0.219458
140	50	13	0.212577
140	50	14	0.187007
140	50	15	0.196600
140	50	16	0.211069
140	50	17	0.190503
140	50	18	0.209136
140	50	19	0.189146
140	50	20	0.196732
160	50	1	0.293862
160	50	2	0.301134
160	50	3	0.293182
160	50	4	0.292574
160	50	5	0.288191
160	50	6	0.285322
160	50	7	0.289677
160	50	8	0.290162
160	50	9	0.302403
160	50	10	0.330228
160	50	11	0.331451
160	50	12	0.306011
160	50	13	0.313861
160	50	14	0.298834
160	50	15	0.306091
160	50	16	0.308089
160	50	17	0.298498
160	50	18	0.316572
160	50	19	0.296301
160	50	20	0.295651
180	50	1	0.456980
180	50	2	0.442160
180	50	3	0.450659
180	50	4	0.411541
180	50	5	0.433698
180	50	6	0.435642
180	50	7	0.417078
180	50	8	0.436795
180	50	9	0.442749
180	50	10	0.441618
180	50	11	0.411944
180	50	12	0.419907
180	50	13	0.424921
180	50	14	0.409699
180	50	15	0.407633
180	50	16	0.427062
180	50	17	0.417951
180	50	18	0.447393
180	50	19	0.449573
180	50	20	0.441704
200	50	1	0.601283
200	50	2	0.575084
200	50	3	0.605623
200	50	4	0.569559
200	50	5	0.558697
200	50	6	0.565734
200	50	7	0.572698
200	50	8	0.590564
200	50	9	0.572908
200	50	10	0.570676
200	50	11	0.580952
200	50	12	0.599216
200	50	13	0.566011
200	50	14	0.568544
200	50	15	0.551121
200	50	16	0.570920
200	50	17	0.560516
200	50	18	0.574582
200	50	19	0.553018
200	50	20	0.565214
20	70	1	0.000669
20	70	2	0.000626
20	70	3	0.000636
20	70	4	0.000719
20	70	5	0.000598
20	70	6	0.000643
20	70	7	0.000635
20	70	8	0.000659
20	70	9	0.000626
20	70	10	0.000622
20	70	11	0.000645
20	70	12	0.000628
20	70	13	0.000673
20	70	14	0.000654
20	70	15	0.000641
20	70	16	0.000580
20	70	17	0.000581
20	70	18	0.000625
20	70	19	0.000660
20	70	20	0.000614
40	70	1	0.005086
40	70	2	0.004667
40	70	3	0.004831
40	70	4	0.004953
40	70	5	0.004629
40	70	6	0.005922
40	70	7	0.005245
40	70	8	0.004510
40	70	9	0.004415
40	70	10	0.004805
40	70	11	0.005163
40	70	12	0.004980
40	70	13	0.005542
40	70	14	0.005476
40	70	15	0.005215
40	70	16	0.005263
40	70	17	0.004725
40	70	18	0.004800
40	70	19	0.004832
40	70	20	0.004626
60	70	1	0.015376
60	70	2	0.015245
60	70	3	0.017119
60	70	4	0.017996
60	70	5	0.019246
60	70	6	0.018317
60	70	7	0.017932
60	70	8	0.021378
60	70	9	0.015892
60	70	10	0.015338
60	70	11	0.015630
60	70	12	0.017235
60	70	13	0.015244
60	70	14	0.015557
60	70	15	0.019632
60	70	16	0.020426
60	70	17	0.018657
60	70	18	0.017929
60	70	19	0.017076
60	70	20	0.015819
80	70	1	0.035880
80	70	2	0.040511
80	70	3	0.038709
80	70	4	0.037356
80	70	5	0.035164
80	70	6	0.038814
80	70	7	0.040178
80	70	8	0.042535
80	70	9	0.037398
80	70	10	0.036517
80	70	11	0.035850
80	70	12	0.041781
80	70	13	0.039830
80	70	14	0.035999
80	70	15	0.036368
80	70	16	0.037315
80	70	17	0.040341
80	70	18	0.044455
80	70	19	0.038841
80	70	20	0.035862
100	70	1	0.075099
100	70	2	0.079560
100	70	3	0.073226
100	70	4	0.079669
100	70	5	0.078532
100	70	6	0.071033
100	70	7	0.083297
100	70	8	0.074511
100	70	9	0.070407
100	70	10	0.079675
100	70	11	0.072878
100	70	12	0.071152
100	70	13	0.076745
100	70	14	0.071686
100	70	15	0.071775
100	70	16	0.077678
100	70	17	0.085076
100	70	18	0.077749
100	70	19	0.079044
100	70	20	0.068577
120	70	1	0.132116
120	70	2	0.124088
120	70	3	0.126906
120	70	4	0.118682
120	70	5	0.120375
120	70	6	0.125917
120	70	7	0.127475
120	70	8	0.138958
120	70	9	0.118681
120	70	10	0.129931
120	70	11	0.139366
120	70	12	0.131447
120	70	13	0.123115
120	70	14	0.117634
120	70	15	0.134418
120	70	16	0.133622
120	70	17	0.122823
120	70	18	0.119343
120	70	19	0.134133
120	70	20	0.120235
140	70	1	0.198897
140	70	2	0.212553
140	70	3	0.203631
140	70	4	0.207966
140	70	5	0.204501
140	70	6	0.190395
140	70	7	0.189769
140	70	8	0.188722
140	70	9	0.194951
140	70	10	0.205803
140	70	11	0.185531
140	70	12	0.195628
140	70	13	0.186714
140	70	14	0.203566
140	70	15	0.200733
140	70	16	0.206494
140	70	17	0.206444
140	70	18	0.191364
140	70	19	0.195878
140	70	20	0.202728
160	70	1	0.295330
160	70	2	0.281108
160	70	3	0.304445
160	70	4	0.310510
160	70	5	0.301991
160	70	6	0.324632
160	70	7	0.316597
160	70	8	0.297705
160	70	9	0.289824
160	70	10	0.335849
160	70	11	0.807095
160	70	12	0.735395
160	70	13	0.746761
160	70	14	0.735985
160	70	15	0.709976
160	70	16	0.810799
160	70	17	1.077350
160	70	18	0.704459
160	70	19	0.704913
160	70	20	0.748236
180	70	1	0.992280
180	70	2	0.981552
180	70	3	1.008355
180	70	4	0.987157
180	70	5	1.065060
180	70	6	1.036701
180	70	7	1.173348
180	70	8	1.038282
180	70	9	1.075148
180	70	10	1.005032
180	70	11	0.998511
180	70	12	0.994040
180	70	13	0.984028
180	70	14	0.980684
180	70	15	1.028485
180	70	16	0.997004
180	70	17	1.015418
180	70	18	1.005391
180	70	19	1.006009
180	70	20	1.044603
200	70	1	1.340434
200	70	2	1.372171
200	70	3	1.406291
200	70	4	1.360420
200	70	5	1.378220
200	70	6	1.405705
200	70	7	1.384676
200	70	8	1.341541
200	70	9	1.369906
200	70	10	1.326850
200	70	11	1.396130
200	70	12	1.358215
200	70	13	1.355448
200	70	14	1.375977
200	70	15	1.425832
200	70	16	1.393664
200	70	17	1.353257
200	70	18	1.412303
200	70	19	1.356846
200	70	20	1.370375
20	90	1	0.001399
20	90	2	0.001407
20	90	3	0.001385
20	90	4	0.001379
20	90	5	0.001398
20	90	6	0.001569
20	90	7	0.001411
20	90	8	0.001400
20	90	9	0.001392
20	90	10	0.001394
20	90	11	0.001395
20	90	12	0.001402
20	90	13	0.001387
20	90	14	0.001797
20	90	15	0.001384
20	90	16	0.001391
20	90	17	0.001387
20	90	18	0.001407
20	90	19	0.001391
20	90	20	0.001392
40	90	1	0.010494
40	90	2	0.010588
40	90	3	0.010514
40	90	4	0.010440
40	90	5	0.010440
40	90	6	0.010429
40	90	7	0.010261
40	90	8	0.010763
40	90	9	0.010664
40	90	10	0.010599
40	90	11	0.010455
40	90	12	0.010484
40	90	13	0.010342
40	90	14	0.014168
40	90	15	0.013792
40	90	16	0.012971
40	90	17	0.012394
40	90	18	0.013668
40	90	19	0.013131
40	90	20	0.011008
60	90	1	0.034929
60	90	2	0.035904
60	90	3	0.038124
60	90	4	0.039094
60	90	5	0.037022
60	90	6	0.035976
60	90	7	0.051004
60	90	8	0.054389
60	90	9	0.036250
60	90	10	0.043243
60	90	11	0.039691
60	90	12	0.058388
60	90	13	0.038265
60	90	14	0.034671
60	90	15	0.036865
60	90	16	0.039116
60	90	17	0.041758
60	90	18	0.037147
60	90	19	0.052039
60	90	20	0.042551
80	90	1	0.096725
80	90	2	0.123084
80	90	3	0.112672
80	90	4	0.109418
80	90	5	0.117809
80	90	6	0.086538
80	90	7	0.081994
80	90	8	0.080395
80	90	9	0.092101
80	90	10	0.082431
80	90	11	0.083792
80	90	12	0.099077
80	90	13	0.086810
80	90	14	0.089768
80	90	15	0.085054
80	90	16	0.091699
80	90	17	0.085012
80	90	18	0.101896
80	90	19	0.097460
80	90	20	0.090083
100	90	1	0.164175
100	90	2	0.161522
100	90	3	0.165240
100	90	4	0.160668
100	90	5	0.166047
100	90	6	0.161599
100	90	7	0.186965
100	90	8	0.161996
100	90	9	0.160698
100	90	10	0.160762
100	90	11	0.170946
100	90	12	0.169640
100	90	13	0.163777
100	90	14	0.156726
100	90	15	0.164867
100	90	16	0.167368
100	90	17	0.165493
100	90	18	0.156780
100	90	19	0.162924
100	90	20	0.162627
120	90	1	0.279350
120	90	2	0.287402
120	90	3	0.279110
120	90	4	0.282336
120	90	5	0.273401
120	90	6	0.279348
120	90	7	0.277011
120	90	8	0.277335
120	90	9	0.300404
120	90	10	0.285014
120	90	11	0.280913
120	90	12	0.290758
120	90	13	0.280502
120	90	14	0.275300
120	90	15	0.288797
120	90	16	0.286595
120	90	17	0.269539
120	90	18	0.276102
120	90	19	0.295535
120	90	20	0.275808
140	90	1	0.445533
140	90	2	0.462325
140	90	3	0.438328
140	90	4	0.453959
140	90	5	0.443616
140	90	6	0.463535
140	90	7	0.440424
140	90	8	0.465279
140	90	9	0.436526
140	90	10	0.433781
140	90	11	0.458907
140	90	12	0.435057
140	90	13	0.504154
140	90	14	0.505548
140	90	15	0.532888
140	90	16	0.472253
140	90	17	0.450380
140	90	18	0.464057
140	90	19	0.476716
140	90	20	0.443789
160	90	1	0.663094
160	90	2	0.698574
160	90	3	0.649661
160	90	4	0.668308
160	90	5	0.661779
160	90	6	0.761120
160	90	7	0.721890
160	90	8	0.686905
160	90	9	0.668524
160	90	10	0.648541
160	90	11	0.669384
160	90	12	0.643243
160	90	13	0.669189
160	90	14	0.691717
160	90	15	0.684626
160	90	16	0.674738
160	90	17	0.752180
160	90	18	0.663043
160	90	19	0.639446
160	90	20	0.709755
180	90	1	0.980969
180	90	2	0.978742
180	90	3	1.034472
180	90	4	0.983231
180	90	5	0.970299
180	90	6	0.961845
180	90	7	1.002310
180	90	8	0.950026
180	90	9	0.933997
180	90	10	0.953396
180	90	11	0.921786
180	90	12	0.950505
180	90	13	1.018976
180	90	14	0.956858
180	90	15	0.939642
180	90	16	1.012379
180	90	17	0.950817
180	90	18	0.996134
180	90	19	0.996664
180	90	20	0.946696
200	90	1	1.355839
200	90	2	1.351344
200	90	3	1.407882
200	90	4	1.261812
200	90	5	1.303907
200	90	6	1.296610
200	90	7	1.377441
200	90	8	1.303972
200	90	9	1.342708
200	90	10	1.321967
200	90	11	1.319784
200	90	12	1.480670
200	90	13	1.274752
200	90	14	0.997487
200	90	15	1.215237
200	90	16	1.299381
200	90	17	1.286547
200	90	18	1.317865
200	90	19	1.442346
200	90	20	1.348836
